# Written by tools/mid_to_song.py. One strike per line: tick volume midi.
# Source: only my railgun (Full ver.).mid
# 4445 strikes over 4903 ticks, at most 6 a tick.
length 4903
0 0.64 32
0 0.64 44
0 0.64 68
4 0.64 68
8 0.64 32
8 0.64 44
8 0.64 68
13 0.63 66
15 0.64 68
17 0.64 32
17 0.64 44
21 0.64 68
25 0.64 32
25 0.64 44
25 0.63 66
29 0.79 47
29 0.79 51
29 0.63 66
31 0.65 68
34 0.63 32
34 0.63 44
38 0.64 68
42 0.63 32
42 0.63 44
42 0.64 68
46 0.63 66
48 0.64 68
50 0.63 32
50 0.63 44
55 0.64 68
59 0.63 32
59 0.63 44
59 0.63 66
63 0.63 66
65 0.65 68
67 0.73 32
67 0.73 44
71 0.64 68
76 0.64 32
76 0.64 44
76 0.64 68
80 0.63 66
82 0.64 68
84 0.64 32
84 0.64 44
88 0.64 68
92 0.64 32
92 0.64 44
92 0.63 66
97 0.81 47
97 0.81 51
97 0.81 56
97 0.63 66
99 0.65 68
101 0.62 32
101 0.62 44
105 0.65 68
109 0.64 32
109 0.64 44
109 0.66 68
113 0.65 66
115 0.68 68
117 0.66 32
117 0.66 44
122 0.70 68
126 0.77 56
126 0.68 66
127 0.75 51
128 0.72 47
129 0.70 44
130 0.69 39
130 0.70 66
132 0.68 35
132 0.74 68
134 0.67 32
138 0.76 44
138 0.73 63
138 0.73 68
143 0.67 32
143 0.73 63
143 0.73 68
147 0.78 44
147 0.70 66
149 0.73 63
149 0.73 68
151 0.66 32
155 0.78 44
155 0.73 63
155 0.73 68
159 0.66 32
159 0.71 61
159 0.71 66
164 0.79 44
164 0.71 66
166 0.74 63
166 0.74 68
168 0.66 32
172 0.67 32
172 0.74 63
172 0.74 68
174 0.79 44
176 0.66 32
176 0.73 63
176 0.73 68
178 0.79 44
180 0.66 32
180 0.71 66
183 0.79 44
183 0.74 63
183 0.74 68
185 0.66 32
187 0.79 44
189 0.66 32
189 0.73 63
189 0.73 68
191 0.79 44
193 0.66 32
193 0.71 61
193 0.71 66
195 0.79 44
197 0.66 32
197 0.72 66
199 0.79 44
199 0.74 63
199 0.74 68
201 0.66 32
203 0.79 44
206 0.66 32
206 0.74 63
206 0.74 68
208 0.80 44
210 0.66 32
210 0.74 63
210 0.74 68
212 0.81 44
214 0.67 32
214 0.72 66
216 0.81 44
216 0.75 63
216 0.75 68
218 0.67 32
220 0.81 44
222 0.68 32
222 0.75 63
222 0.75 68
224 0.82 44
227 0.83 51
227 0.74 61
227 0.74 66
228 0.84 47
229 0.82 44
231 0.76 39
231 0.75 66
233 0.72 35
233 0.77 63
233 0.77 68
235 0.83 32
235 0.83 44
237 0.77 68
239 0.81 71
241 0.85 75
243 0.71 32
243 0.86 80
245 0.71 44
245 0.86 83
248 0.71 32
248 0.86 87
250 0.78 44
250 0.87 83
252 0.78 32
252 0.84 80
254 0.79 44
254 0.74 75
256 0.79 32
256 0.87 71
256 0.87 83
258 0.79 44
260 0.79 32
260 0.86 70
260 0.86 82
262 0.79 44
264 0.80 32
264 0.76 66
264 0.76 78
266 0.80 44
269 0.82 32
269 0.82 44
269 0.77 66
269 0.77 73
269 0.77 78
273 0.82 44
273 0.88 68
273 0.88 80
275 0.84 47
275 0.86 68
275 0.86 71
275 0.86 80
277 0.87 51
279 0.82 47
281 0.90 51
281 0.90 56
281 0.77 66
281 0.77 78
285 0.77 44
285 0.78 66
285 0.78 73
285 0.78 78
287 0.79 47
290 0.86 51
290 0.88 68
290 0.88 80
292 0.79 47
292 0.86 68
292 0.86 71
292 0.86 80
294 0.90 51
294 0.90 56
298 0.74 32
298 0.74 44
298 0.79 66
298 0.79 78
302 0.74 28
302 0.74 40
302 0.79 66
302 0.79 71
302 0.79 78
306 0.74 40
306 0.89 68
306 0.89 80
308 0.78 44
308 0.87 68
308 0.87 71
308 0.87 80
310 0.90 47
310 0.90 52
315 0.90 52
315 0.90 56
315 0.83 68
315 0.83 80
319 0.74 40
319 0.83 68
319 0.83 71
319 0.83 80
321 0.76 44
323 0.81 47
323 0.86 70
323 0.86 82
327 0.90 52
327 0.90 56
327 0.88 71
327 0.88 83
331 0.74 28
331 0.74 40
331 0.89 73
331 0.89 85
336 0.75 30
336 0.75 42
336 0.82 70
336 0.82 73
336 0.82 78
336 0.82 82
338 0.73 37
340 0.77 42
342 0.83 46
344 0.90 49
344 0.90 54
344 0.74 66
344 0.74 70
344 0.74 73
344 0.74 78
348 0.90 54
348 0.90 58
352 0.74 30
352 0.74 42
352 0.90 78
352 0.90 82
352 0.90 85
352 0.90 88
355 0.73 37
357 0.75 42
359 0.81 46
361 0.90 49
361 0.90 54
361 0.83 73
361 0.83 78
361 0.83 82
361 0.83 85
365 0.84 46
365 0.84 49
369 0.79 35
369 0.79 47
369 0.82 75
369 0.82 78
369 0.82 82
369 0.82 85
371 0.74 42
373 0.81 47
376 0.88 51
376 0.82 75
376 0.82 78
376 0.82 82
376 0.82 85
378 0.90 54
378 0.90 59
382 0.89 51
382 0.89 54
382 0.84 75
382 0.84 78
382 0.84 83
382 0.84 87
386 0.79 34
386 0.79 46
388 0.74 42
390 0.78 71
390 0.78 83
392 0.83 46
394 0.90 49
394 0.90 54
394 0.77 70
394 0.77 82
399 0.74 30
399 0.74 42
399 0.73 66
399 0.73 78
403 0.76 32
403 0.76 44
403 0.74 66
403 0.74 73
403 0.74 78
407 0.77 44
407 0.85 68
407 0.85 80
409 0.81 47
409 0.82 68
409 0.82 71
409 0.82 80
411 0.89 51
413 0.81 47
415 0.90 51
415 0.90 56
415 0.76 66
415 0.76 78
420 0.75 44
420 0.77 66
420 0.77 73
420 0.77 78
422 0.79 47
424 0.88 51
424 0.88 68
424 0.88 80
426 0.79 47
426 0.86 68
426 0.86 71
426 0.86 80
428 0.90 51
428 0.90 56
432 0.74 32
432 0.74 44
432 0.79 66
432 0.79 78
436 0.73 28
436 0.73 40
436 0.79 66
436 0.79 71
436 0.79 78
441 0.74 40
441 0.89 68
441 0.89 80
443 0.78 44
443 0.87 68
443 0.87 71
443 0.87 80
445 0.90 47
445 0.90 52
449 0.74 40
449 0.83 68
449 0.83 80
453 0.74 39
453 0.83 68
453 0.83 75
453 0.83 80
455 0.78 42
457 0.84 46
457 0.86 70
457 0.86 82
459 0.78 42
462 0.90 46
462 0.90 51
462 0.88 71
462 0.88 83
466 0.74 27
466 0.74 39
466 0.89 73
466 0.89 85
470 0.74 25
470 0.74 37
470 0.77 68
470 0.77 73
470 0.77 76
470 0.77 80
474 0.75 37
476 0.79 40
478 0.85 44
478 0.78 80
480 0.79 40
480 0.73 76
483 0.90 44
483 0.90 49
483 0.72 73
485 0.72 68
487 0.74 37
487 0.86 68
487 0.86 73
487 0.86 80
489 0.78 40
491 0.84 44
491 0.88 70
491 0.88 82
493 0.79 40
495 0.90 44
495 0.90 49
495 0.89 71
495 0.89 83
499 0.90 49
499 0.90 73
499 0.90 85
501 0.74 37
503 0.75 27
503 0.75 39
503 0.84 70
503 0.84 75
503 0.84 78
503 0.84 82
506 0.73 34
508 0.77 39
510 0.82 42
512 0.90 46
512 0.90 51
512 0.75 66
512 0.75 70
512 0.75 75
512 0.75 78
516 0.90 51
516 0.90 54
520 0.74 27
520 0.74 39
520 0.74 63
520 0.74 66
520 0.74 70
520 0.74 75
524 0.75 39
527 0.79 42
529 0.90 46
529 0.90 51
529 0.80 66
529 0.80 70
529 0.80 75
529 0.80 78
533 0.74 27
533 0.74 39
537 0.76 28
537 0.76 40
537 0.81 66
537 0.81 71
537 0.81 78
539 0.74 35
541 0.78 40
541 0.89 68
541 0.89 80
543 0.84 44
543 0.87 68
543 0.87 76
543 0.87 80
545 0.90 47
545 0.90 52
550 0.81 44
550 0.88 71
550 0.88 83
552 0.76 40
554 0.79 30
554 0.79 42
554 0.85 70
554 0.85 78
554 0.85 82
556 0.74 37
558 0.80 42
558 0.82 66
558 0.82 78
560 0.87 46
560 0.74 63
560 0.74 66
560 0.74 75
562 0.90 49
562 0.90 54
566 0.83 46
566 0.79 66
566 0.79 78
569 0.77 42
571 0.80 32
571 0.80 44
571 0.81 66
571 0.81 73
571 0.81 78
575 0.80 44
575 0.88 68
575 0.88 80
577 0.88 49
577 0.85 68
577 0.85 73
577 0.85 75
577 0.85 80
579 0.90 51
579 0.72 63
579 0.72 68
581 0.88 49
583 0.90 51
583 0.90 56
583 0.73 66
585 0.75 63
585 0.75 68
587 0.75 44
590 0.83 49
592 0.88 51
592 0.77 63
592 0.77 68
594 0.83 49
596 0.90 51
596 0.90 56
596 0.76 61
596 0.76 66
600 0.74 44
600 0.78 66
602 0.81 63
602 0.81 68
604 0.74 32
604 0.74 44
606 0.72 39
608 0.76 44
608 0.82 63
608 0.82 68
610 0.85 49
613 0.88 51
613 0.82 63
613 0.82 68
615 0.90 56
617 0.90 56
617 0.79 66
619 0.90 61
619 0.83 63
619 0.83 68
621 0.90 63
623 0.90 61
625 0.88 56
625 0.82 63
625 0.82 68
627 0.88 56
629 0.75 51
629 0.80 61
629 0.80 66
631 0.74 49
632 0.72 44
634 0.72 39
634 0.80 66
636 0.72 37
636 0.83 63
636 0.83 68
638 0.75 32
638 0.75 44
638 0.77 63
642 0.86 68
646 0.93 72
650 0.97 75
655 0.99 80
659 1.00 92
661 1.00 87
663 0.96 84
665 0.85 80
667 0.68 75
669 0.61 72
671 0.65 53
671 0.68 72
671 0.68 77
671 0.68 80
676 0.68 60
680 0.70 65
684 0.70 67
688 0.64 80
692 0.63 79
697 0.64 80
701 0.67 82
705 0.60 51
705 0.64 70
705 0.64 75
705 0.64 80
709 0.64 58
713 0.69 63
717 0.70 67
722 0.64 80
726 0.63 79
730 0.64 80
734 0.66 82
738 0.60 49
738 0.68 73
738 0.68 80
738 0.68 84
743 0.68 61
747 0.69 65
751 0.70 67
755 0.70 68
755 0.66 84
759 0.66 85
764 0.64 84
768 0.62 82
772 0.60 27
772 0.60 39
772 0.64 75
772 0.64 79
772 0.64 84
774 0.59 34
776 0.62 39
776 0.63 82
778 0.64 43
780 0.63 39
780 0.61 80
783 0.66 43
785 0.69 46
785 0.74 87
787 0.74 51
789 0.81 44
789 0.81 56
789 0.79 75
789 0.79 80
789 0.79 84
797 0.84 43
797 0.84 55
797 0.72 63
797 0.72 67
797 0.72 70
806 0.68 29
806 0.68 41
806 0.72 72
806 0.72 77
806 0.72 80
810 0.68 41
812 0.74 48
814 0.80 53
814 0.77 84
816 0.72 80
818 0.72 48
818 0.70 79
820 0.68 77
822 0.65 25
822 0.65 37
822 0.73 77
822 0.73 80
827 0.66 37
827 0.71 79
829 0.72 44
831 0.78 49
831 0.74 80
835 0.71 44
835 0.77 82
839 0.66 27
839 0.66 39
839 0.72 70
839 0.72 75
839 0.72 80
843 0.68 39
845 0.76 46
848 0.80 51
848 0.75 82
850 0.70 79
852 0.74 46
852 0.64 75
854 0.64 70
856 0.77 36
856 0.77 48
856 0.75 75
856 0.75 80
860 0.76 48
860 0.73 79
862 0.80 55
864 0.80 60
864 0.75 80
869 0.80 55
869 0.78 82
873 0.66 34
873 0.66 46
873 0.79 73
873 0.79 77
873 0.79 84
877 0.66 46
879 0.78 53
881 0.80 58
881 0.66 70
881 0.66 73
881 0.66 77
885 0.74 53
890 0.66 36
890 0.66 48
890 0.75 75
890 0.75 79
890 0.75 82
894 0.66 48
894 0.72 80
896 0.79 55
898 0.80 60
898 0.70 79
902 0.75 55
902 0.72 80
906 0.64 29
906 0.64 41
906 0.70 72
906 0.70 77
906 0.70 79
910 0.65 41
913 0.69 48
915 0.78 53
919 0.68 48
919 0.69 77
923 0.65 41
923 0.70 69
923 0.70 72
923 0.70 77
925 0.80 60
927 0.80 57
927 0.64 65
929 0.79 55
929 0.64 69
931 0.76 53
931 0.68 72
934 0.67 48
934 0.77 77
936 0.66 45
936 0.80 81
938 0.64 41
938 0.80 84
940 0.64 25
940 0.64 37
940 0.80 73
940 0.80 80
940 0.80 84
944 0.65 37
944 0.80 73
944 0.80 80
944 0.80 84
946 0.68 41
946 0.80 73
946 0.80 80
946 0.80 84
948 0.78 44
948 0.78 49
950 0.80 73
950 0.80 80
950 0.80 84
952 0.80 49
952 0.80 53
952 0.80 73
952 0.80 80
952 0.80 84
957 0.80 56
959 0.79 53
961 0.73 49
961 0.76 75
961 0.76 84
963 0.66 44
965 0.64 37
965 0.72 73
965 0.72 82
969 0.65 25
969 0.65 37
969 0.68 72
969 0.68 80
973 0.67 27
973 0.67 39
973 0.66 70
973 0.66 75
973 0.66 79
978 0.68 39
980 0.73 43
982 0.80 46
982 0.80 51
982 0.68 70
982 0.68 75
982 0.68 79
986 0.80 51
986 0.80 55
986 0.80 79
986 0.80 82
986 0.80 87
988 0.80 79
988 0.80 82
988 0.80 87
990 0.80 58
992 0.80 55
994 0.77 51
994 0.64 75
997 0.68 46
997 0.68 79
999 0.65 39
999 0.74 82
1001 0.78 85
1003 0.66 27
1003 0.66 39
1003 0.80 79
1003 0.80 82
1003 0.80 87
1005 0.79 79
1005 0.79 82
1005 0.79 87
1007 0.65 24
1007 0.65 36
1007 0.79 79
1007 0.79 84
1007 0.79 87
1011 0.66 36
1011 0.74 85
1013 0.69 39
1015 0.79 43
1015 0.79 48
1015 0.72 75
1015 0.72 79
1015 0.72 84
1020 0.80 48
1020 0.80 51
1020 0.67 82
1024 0.80 55
1024 0.79 75
1024 0.79 79
1024 0.79 85
1026 0.79 51
1026 0.75 75
1026 0.75 79
1026 0.75 84
1028 0.75 48
1030 0.68 43
1030 0.68 75
1030 0.68 79
1030 0.68 82
1032 0.64 36
1036 0.66 24
1036 0.66 36
1036 0.68 80
1041 0.70 29
1041 0.70 41
1041 0.66 68
1041 0.66 72
1041 0.66 79
1045 0.71 41
1047 0.74 44
1047 0.67 68
1047 0.67 72
1047 0.67 79
1049 0.80 48
1049 0.80 53
1053 0.80 53
1053 0.80 56
1053 0.66 77
1057 0.80 60
1057 0.72 72
1057 0.72 77
1057 0.72 80
1059 0.79 53
1062 0.80 58
1062 0.79 84
1064 0.77 53
1064 0.72 80
1066 0.80 56
1066 0.66 77
1068 0.67 48
1068 0.64 72
1070 0.79 55
1070 0.64 68
1072 0.66 48
1072 0.64 65
1074 0.64 28
1074 0.64 40
1074 0.79 71
1074 0.79 76
1074 0.79 80
1078 0.65 40
1078 0.80 71
1078 0.80 76
1078 0.80 80
1080 0.67 44
1080 0.79 71
1080 0.79 76
1080 0.79 80
1083 0.79 47
1083 0.79 52
1085 0.80 71
1085 0.80 76
1085 0.80 80
1087 0.80 52
1087 0.80 56
1087 0.79 71
1087 0.79 76
1087 0.79 80
1091 0.80 59
1093 0.79 56
1095 0.73 52
1095 0.75 71
1095 0.75 80
1097 0.66 47
1099 0.64 40
1099 0.77 73
1099 0.77 82
1103 0.65 28
1103 0.65 40
1103 0.78 75
1103 0.78 83
1108 0.67 30
1108 0.67 42
1108 0.75 73
1108 0.75 78
1108 0.75 82
1112 0.68 42
1114 0.73 46
1116 0.80 49
1116 0.80 54
1116 0.74 73
1116 0.74 78
1116 0.74 82
1120 0.80 54
1120 0.80 58
1120 0.72 70
1120 0.72 73
1120 0.72 78
1122 0.70 70
1122 0.70 73
1122 0.70 78
1124 0.80 61
1127 0.78 54
1129 0.80 59
1129 0.75 82
1131 0.76 54
1131 0.68 78
1133 0.80 58
1133 0.64 73
1135 0.64 70
1137 0.73 42
1137 0.73 54
1137 0.72 70
1137 0.72 73
1137 0.72 78
1141 0.64 37
1141 0.70 68
1141 0.70 73
1141 0.70 77
1143 0.64 41
1145 0.66 44
1148 0.65 41
1150 0.79 49
1150 0.79 53
1150 0.72 68
1150 0.72 73
1150 0.72 77
1154 0.66 44
1154 0.68 75
1158 0.80 56
1158 0.73 68
1158 0.73 73
1158 0.73 77
1160 0.72 49
1162 0.79 53
1162 0.80 79
1164 0.71 49
1164 0.79 73
1164 0.79 77
1164 0.79 80
1166 0.66 44
1171 0.74 37
1171 0.74 49
1171 0.77 73
1171 0.77 77
1171 0.77 80
1175 0.64 39
1175 0.72 70
1175 0.72 75
1175 0.72 80
1177 0.68 43
1179 0.71 46
1181 0.79 51
1183 0.68 43
1185 0.72 46
1187 0.79 51
1187 0.72 79
1190 0.80 55
1190 0.71 77
1192 0.80 58
1192 0.72 70
1192 0.72 75
1192 0.72 79
1193 0.66 67
1194 0.80 55
1194 0.68 70
1196 0.75 51
1196 0.67 67
1197 0.68 70
1198 0.66 46
1199 0.71 75
1200 0.75 51
1200 0.70 70
1201 0.72 75
1202 0.66 46
1203 0.74 79
1204 0.66 43
1204 0.72 75
1206 0.64 39
1206 0.74 82
1207 0.75 87
1208 0.90 39
1208 0.90 51
1208 0.86 75
1208 0.86 79
1208 0.86 82
1208 0.86 87
1215 0.81 34
1215 0.81 46
1215 0.88 76
1215 0.88 80
1215 0.88 83
1215 0.88 88
1219 0.81 39
1221 0.97 39
1221 0.97 51
1221 0.88 75
1221 0.88 79
1221 0.88 82
1221 0.88 87
1225 0.85 58
1227 0.85 55
1229 0.80 51
1229 0.74 71
1229 0.74 83
1231 0.72 46
1234 0.82 51
1234 0.75 70
1234 0.75 82
1236 0.74 46
1238 0.73 43
1238 0.72 66
1238 0.72 78
1240 0.72 39
1242 0.76 32
1242 0.76 44
1242 0.74 66
1242 0.74 73
1242 0.74 78
1246 0.77 44
1246 0.85 68
1246 0.85 80
1248 0.83 47
1248 0.83 68
1248 0.83 71
1248 0.83 80
1250 0.90 51
1252 0.81 47
1255 0.90 51
1255 0.90 56
1255 0.76 66
1255 0.76 78
1259 0.75 44
1259 0.77 66
1259 0.77 73
1259 0.77 78
1261 0.79 47
1263 0.88 51
1263 0.88 68
1263 0.88 80
1265 0.79 47
1265 0.86 68
1265 0.86 71
1265 0.86 80
1267 0.90 51
1267 0.90 56
1271 0.74 32
1271 0.74 44
1271 0.79 66
1271 0.79 78
1276 0.73 28
1276 0.73 40
1276 0.79 66
1276 0.79 71
1276 0.79 78
1280 0.74 40
1280 0.89 68
1280 0.89 80
1282 0.78 44
1282 0.87 68
1282 0.87 71
1282 0.87 80
1284 0.90 47
1284 0.90 52
1288 0.90 52
1288 0.90 56
1288 0.83 68
1288 0.83 80
1292 0.74 40
1292 0.83 68
1292 0.83 71
1292 0.83 80
1294 0.76 44
1297 0.81 47
1297 0.86 70
1297 0.86 82
1301 0.90 52
1301 0.90 56
1301 0.88 71
1301 0.88 83
1305 0.74 28
1305 0.74 40
1305 0.89 73
1305 0.89 85
1309 0.75 30
1309 0.75 42
1309 0.82 70
1309 0.82 73
1309 0.82 78
1309 0.82 82
1311 0.73 37
1313 0.77 42
1315 0.83 46
1317 0.90 49
1317 0.90 54
1317 0.74 66
1317 0.74 70
1317 0.74 73
1317 0.74 78
1322 0.90 54
1322 0.90 58
1326 0.74 30
1326 0.74 42
1326 0.90 78
1326 0.90 82
1326 0.90 85
1326 0.90 88
1328 0.73 37
1330 0.75 42
1332 0.81 46
1334 0.90 49
1334 0.90 54
1334 0.83 73
1334 0.83 78
1334 0.83 82
1334 0.83 85
1338 0.84 46
1338 0.84 49
1343 0.79 35
1343 0.79 47
1343 0.82 75
1343 0.82 78
1343 0.82 82
1343 0.82 85
1345 0.74 42
1347 0.81 47
1349 0.88 51
1349 0.82 75
1349 0.82 78
1349 0.82 82
1349 0.82 85
1351 0.90 54
1351 0.90 59
1355 0.89 51
1355 0.89 54
1355 0.84 75
1355 0.84 78
1355 0.84 83
1355 0.84 87
1359 0.79 34
1359 0.79 46
1362 0.74 42
1364 0.78 71
1364 0.78 83
1366 0.83 46
1368 0.90 49
1368 0.90 54
1368 0.77 70
1368 0.77 82
1372 0.74 30
1372 0.74 42
1372 0.73 66
1372 0.73 78
1376 0.76 32
1376 0.76 44
1376 0.74 66
1376 0.74 73
1376 0.74 78
1380 0.77 44
1380 0.85 68
1380 0.85 80
1383 0.81 47
1383 0.82 68
1383 0.82 71
1383 0.82 80
1385 0.89 51
1387 0.81 47
1389 0.90 51
1389 0.90 56
1389 0.76 66
1389 0.76 78
1393 0.75 44
1393 0.77 66
1393 0.77 73
1393 0.77 78
1395 0.79 47
1397 0.88 51
1397 0.88 68
1397 0.88 80
1399 0.79 47
1399 0.86 68
1399 0.86 71
1399 0.86 80
1401 0.90 51
1401 0.90 56
1406 0.74 32
1406 0.74 44
1406 0.79 66
1406 0.79 78
1410 0.73 28
1410 0.73 40
1410 0.79 66
1410 0.79 71
1410 0.79 78
1414 0.74 40
1414 0.89 68
1414 0.89 80
1416 0.78 44
1416 0.87 68
1416 0.87 71
1416 0.87 80
1418 0.90 47
1418 0.90 52
1422 0.74 40
1422 0.83 68
1422 0.83 80
1427 0.74 39
1427 0.83 68
1427 0.83 75
1427 0.83 80
1429 0.78 42
1431 0.84 46
1431 0.86 70
1431 0.86 82
1433 0.78 42
1435 0.90 46
1435 0.90 51
1435 0.88 71
1435 0.88 83
1439 0.74 27
1439 0.74 39
1439 0.89 73
1439 0.89 85
1443 0.74 25
1443 0.74 37
1443 0.77 68
1443 0.77 73
1443 0.77 76
1443 0.77 80
1448 0.75 37
1450 0.79 40
1452 0.85 44
1452 0.72 61
1454 0.79 40
1454 0.72 64
1456 0.90 44
1456 0.90 49
1456 0.72 68
1458 0.77 73
1460 0.74 37
1460 0.89 68
1460 0.89 73
1460 0.89 80
1462 0.78 40
1464 0.84 44
1464 0.90 70
1464 0.90 82
1466 0.78 40
1469 0.90 44
1469 0.90 49
1469 0.90 71
1469 0.90 83
1473 0.90 49
1473 0.90 73
1473 0.90 85
1475 0.74 37
1477 0.75 27
1477 0.75 39
1477 0.85 70
1477 0.85 75
1477 0.85 78
1477 0.85 82
1479 0.73 34
1481 0.77 39
1483 0.82 42
1483 0.76 66
1483 0.76 70
1483 0.76 75
1483 0.76 78
1485 0.90 46
1485 0.90 51
1490 0.90 51
1490 0.90 54
1490 0.74 63
1490 0.74 66
1490 0.74 70
1490 0.74 75
1494 0.74 39
1495 0.77 42
1496 0.82 46
1498 0.89 51
1498 0.88 71
1498 0.88 83
1499 0.90 54
1501 0.90 58
1502 0.90 63
1502 0.85 70
1502 0.85 82
1503 0.90 58
1505 0.89 54
1506 0.86 51
1506 0.76 66
1506 0.76 78
1508 0.81 46
1509 0.79 42
1510 0.80 32
1510 0.80 44
1510 0.77 66
1510 0.77 73
1510 0.77 78
1515 0.80 44
1515 0.88 68
1515 0.88 80
1517 0.83 47
1517 0.85 68
1517 0.85 71
1517 0.85 80
1519 0.88 51
1521 0.82 47
1523 0.90 51
1523 0.90 56
1523 0.78 66
1523 0.78 78
1527 0.76 44
1527 0.79 66
1527 0.79 73
1527 0.79 78
1529 0.79 47
1531 0.86 51
1531 0.88 68
1531 0.88 80
1534 0.79 47
1534 0.86 68
1534 0.86 71
1534 0.86 80
1536 0.90 51
1536 0.90 56
1540 0.74 32
1540 0.74 44
1540 0.79 66
1540 0.79 78
1544 0.74 28
1544 0.74 40
1544 0.79 66
1544 0.79 71
1544 0.79 78
1548 0.74 40
1548 0.89 68
1548 0.89 80
1550 0.78 44
1550 0.87 68
1550 0.87 71
1550 0.87 80
1552 0.90 47
1552 0.90 52
1557 0.90 52
1557 0.90 56
1557 0.83 68
1557 0.83 80
1561 0.74 40
1561 0.83 68
1561 0.83 71
1561 0.83 80
1563 0.76 44
1565 0.81 47
1565 0.86 70
1565 0.86 82
1569 0.90 52
1569 0.90 56
1569 0.88 71
1569 0.88 83
1573 0.74 28
1573 0.74 40
1573 0.89 73
1573 0.89 85
1578 0.75 30
1578 0.75 42
1578 0.82 70
1578 0.82 73
1578 0.82 78
1578 0.82 82
1580 0.73 37
1582 0.77 42
1584 0.83 46
1586 0.90 49
1586 0.90 54
1586 0.74 66
1586 0.74 70
1586 0.74 73
1586 0.74 78
1590 0.90 54
1590 0.90 58
1594 0.74 30
1594 0.74 42
1594 0.90 78
1594 0.90 82
1594 0.90 85
1594 0.90 88
1597 0.73 37
1599 0.75 42
1601 0.81 46
1603 0.90 49
1603 0.90 54
1603 0.83 73
1603 0.83 78
1603 0.83 82
1603 0.83 85
1607 0.84 46
1607 0.84 49
1611 0.79 35
1611 0.79 47
1611 0.82 75
1611 0.82 78
1611 0.82 82
1611 0.82 85
1613 0.74 42
1615 0.81 47
1617 0.88 51
1617 0.82 75
1617 0.82 78
1617 0.82 82
1617 0.82 85
1620 0.90 54
1620 0.90 59
1624 0.89 51
1624 0.89 54
1624 0.84 75
1624 0.84 78
1624 0.84 83
1624 0.84 87
1628 0.79 34
1628 0.79 46
1630 0.74 42
1632 0.78 71
1632 0.78 83
1634 0.83 46
1636 0.90 49
1636 0.90 54
1636 0.77 70
1636 0.77 82
1641 0.74 30
1641 0.74 42
1641 0.73 66
1641 0.73 78
1645 0.76 32
1645 0.76 44
1645 0.74 66
1645 0.74 73
1645 0.74 78
1649 0.77 44
1649 0.85 68
1649 0.85 80
1651 0.81 47
1651 0.82 68
1651 0.82 71
1651 0.82 80
1653 0.89 51
1655 0.81 47
1657 0.90 51
1657 0.90 56
1657 0.76 66
1657 0.76 78
1662 0.75 44
1662 0.77 66
1662 0.77 73
1662 0.77 78
1664 0.79 47
1666 0.88 51
1666 0.88 68
1666 0.88 80
1668 0.79 47
1668 0.86 68
1668 0.86 71
1668 0.86 80
1670 0.90 51
1670 0.90 56
1674 0.74 32
1674 0.74 44
1674 0.79 66
1674 0.79 78
1678 0.73 28
1678 0.73 40
1678 0.79 66
1678 0.79 71
1678 0.79 78
1683 0.74 40
1683 0.89 68
1683 0.89 80
1685 0.78 44
1685 0.87 68
1685 0.87 71
1685 0.87 80
1687 0.90 47
1687 0.90 52
1691 0.74 40
1691 0.83 68
1691 0.83 80
1695 0.74 39
1695 0.83 68
1695 0.83 75
1695 0.83 80
1697 0.78 42
1699 0.84 46
1699 0.86 70
1699 0.86 82
1701 0.78 42
1703 0.90 46
1703 0.90 51
1703 0.88 71
1703 0.88 83
1708 0.74 27
1708 0.74 39
1708 0.89 73
1708 0.89 85
1712 0.74 25
1712 0.74 37
1712 0.77 68
1712 0.77 73
1712 0.77 76
1712 0.77 80
1716 0.75 37
1718 0.79 40
1720 0.85 44
1720 0.78 80
1722 0.79 40
1722 0.73 76
1724 0.90 44
1724 0.90 49
1724 0.72 75
1727 0.72 73
1729 0.74 37
1729 0.84 68
1729 0.84 73
1729 0.84 80
1731 0.78 40
1733 0.84 44
1733 0.88 70
1733 0.88 82
1735 0.79 40
1737 0.90 44
1737 0.90 49
1737 0.88 71
1737 0.88 83
1741 0.90 49
1741 0.90 73
1741 0.90 85
1743 0.74 37
1745 0.75 27
1745 0.75 39
1745 0.83 70
1745 0.83 75
1745 0.83 78
1745 0.83 82
1748 0.73 34
1750 0.77 39
1752 0.82 42
1754 0.90 46
1754 0.90 51
1754 0.75 66
1754 0.75 70
1754 0.75 75
1754 0.75 78
1758 0.90 51
1758 0.90 54
1762 0.74 27
1762 0.74 39
1762 0.74 63
1762 0.74 66
1762 0.74 70
1762 0.74 75
1766 0.75 39
1769 0.79 42
1771 0.90 46
1771 0.90 51
1771 0.80 66
1771 0.80 70
1771 0.80 75
1771 0.80 78
1775 0.74 27
1775 0.74 39
1779 0.76 28
1779 0.76 40
1779 0.81 66
1779 0.81 71
1779 0.81 78
1781 0.74 35
1783 0.78 40
1783 0.89 68
1783 0.89 80
1785 0.84 44
1785 0.87 68
1785 0.87 76
1785 0.87 80
1787 0.90 47
1787 0.90 52
1792 0.81 44
1792 0.88 71
1792 0.88 83
1794 0.76 40
1796 0.79 30
1796 0.79 42
1796 0.85 70
1796 0.85 78
1796 0.85 82
1798 0.74 37
1800 0.80 42
1800 0.82 66
1800 0.82 78
1802 0.87 46
1802 0.74 63
1802 0.74 66
1802 0.74 75
1804 0.90 49
1804 0.90 54
1808 0.83 46
1808 0.79 66
1808 0.79 78
1810 0.77 42
1813 0.80 32
1813 0.80 44
1813 0.81 66
1813 0.81 73
1813 0.81 78
1817 0.80 44
1817 0.88 68
1817 0.88 80
1819 0.88 49
1819 0.85 68
1819 0.85 73
1819 0.85 75
1819 0.85 80
1821 0.90 51
1821 0.72 63
1821 0.72 68
1823 0.88 49
1825 0.90 51
1825 0.90 56
1825 0.73 66
1827 0.75 63
1827 0.75 68
1829 0.75 44
1831 0.83 49
1834 0.88 51
1834 0.77 63
1834 0.77 68
1836 0.83 49
1838 0.90 51
1838 0.90 56
1838 0.76 61
1838 0.76 66
1842 0.74 44
1842 0.78 66
1844 0.81 63
1844 0.81 68
1846 0.74 32
1846 0.74 44
1848 0.72 39
1850 0.76 44
1850 0.82 63
1850 0.82 68
1852 0.85 49
1855 0.88 51
1855 0.82 63
1855 0.82 68
1857 0.90 56
1859 0.90 56
1859 0.79 66
1861 0.90 61
1861 0.83 63
1861 0.83 68
1863 0.90 63
1865 0.90 61
1867 0.88 56
1867 0.82 63
1867 0.82 68
1869 0.88 56
1871 0.75 51
1871 0.80 61
1871 0.80 66
1873 0.74 49
1874 0.72 44
1876 0.72 39
1876 0.80 66
1878 0.72 37
1878 0.83 63
1878 0.83 68
1880 0.75 32
1880 0.75 44
1880 0.90 87
1884 0.90 84
1888 0.88 80
1892 0.80 75
1897 0.79 72
1901 0.79 63
1903 0.80 68
1905 0.82 72
1907 0.84 75
1909 0.83 80
1911 0.77 84
1913 0.65 53
1913 0.70 72
1913 0.70 77
1913 0.70 80
1917 0.68 60
1922 0.70 65
1926 0.70 67
1930 0.69 68
1930 0.67 80
1934 0.65 65
1934 0.65 79
1938 0.59 60
1938 0.66 80
1943 0.57 56
1943 0.68 82
1947 0.57 51
1947 0.64 70
1947 0.64 75
1947 0.64 80
1951 0.61 58
1955 0.70 63
1959 0.71 67
1964 0.71 70
1964 0.63 79
1964 0.64 80
1968 0.70 67
1968 0.63 79
1972 0.63 63
1972 0.64 80
1976 0.57 58
1976 0.66 82
1980 0.57 49
1980 0.63 77
1980 0.68 80
1980 0.68 84
1985 0.66 61
1989 0.70 65
1993 0.71 67
1997 0.70 68
1997 0.66 84
2001 0.69 67
2001 0.66 85
2006 0.64 65
2006 0.64 84
2010 0.59 61
2010 0.62 82
2014 0.57 27
2014 0.57 39
2014 0.64 75
2014 0.64 79
2014 0.64 84
2016 0.57 34
2018 0.58 39
2018 0.64 82
2020 0.60 43
2022 0.61 43
2022 0.64 80
2024 0.63 46
2027 0.68 51
2027 0.72 87
2029 0.73 55
2031 0.79 44
2031 0.79 56
2031 0.79 75
2031 0.79 80
2031 0.79 84
2035 0.63 44
2039 0.83 43
2039 0.83 55
2039 0.72 63
2039 0.72 67
2039 0.72 70
2043 0.66 43
2048 0.66 29
2048 0.66 41
2048 0.73 72
2048 0.73 77
2048 0.73 80
2054 0.72 41
2056 0.80 44
2056 0.80 48
2056 0.80 53
2056 0.64 65
2058 0.67 72
2060 0.80 48
2060 0.80 53
2060 0.80 56
2060 0.74 77
2062 0.77 79
2064 0.65 25
2064 0.65 37
2064 0.78 77
2064 0.78 80
2069 0.75 79
2071 0.71 37
2073 0.79 41
2073 0.79 44
2073 0.79 49
2073 0.77 80
2077 0.79 44
2077 0.79 49
2077 0.79 53
2077 0.79 82
2081 0.66 27
2081 0.66 39
2081 0.74 70
2081 0.74 75
2081 0.74 80
2087 0.72 39
2090 0.80 43
2090 0.80 46
2090 0.80 51
2090 0.64 70
2092 0.65 73
2094 0.80 46
2094 0.80 51
2094 0.80 55
2094 0.68 75
2096 0.76 79
2098 0.72 36
2098 0.72 48
2098 0.77 75
2098 0.77 80
2102 0.75 79
2104 0.77 48
2106 0.80 51
2106 0.80 55
2106 0.80 60
2106 0.76 80
2110 0.80 55
2110 0.80 60
2110 0.80 63
2110 0.79 82
2115 0.66 34
2115 0.66 46
2115 0.79 73
2115 0.79 77
2115 0.79 84
2121 0.71 46
2123 0.80 49
2123 0.80 53
2123 0.80 58
2123 0.66 70
2123 0.66 73
2123 0.66 77
2127 0.80 53
2127 0.80 58
2127 0.80 61
2131 0.65 36
2131 0.65 48
2131 0.75 75
2131 0.75 79
2131 0.75 82
2136 0.72 80
2138 0.70 48
2140 0.80 51
2140 0.80 55
2140 0.80 60
2140 0.70 79
2144 0.80 55
2144 0.80 60
2144 0.80 63
2144 0.72 80
2148 0.64 29
2148 0.64 41
2148 0.70 72
2148 0.70 77
2148 0.70 79
2155 0.70 41
2157 0.77 46
2157 0.77 48
2157 0.77 53
2161 0.79 48
2161 0.79 53
2161 0.79 58
2161 0.69 77
2165 0.78 57
2165 0.70 69
2165 0.70 72
2165 0.70 77
2167 0.80 60
2169 0.77 58
2169 0.64 65
2171 0.75 57
2171 0.64 69
2173 0.68 53
2173 0.67 72
2176 0.64 48
2176 0.77 77
2178 0.64 45
2178 0.80 81
2180 0.64 41
2180 0.80 84
2182 0.64 25
2182 0.64 37
2182 0.80 73
2182 0.80 80
2182 0.80 84
2186 0.65 37
2186 0.80 73
2186 0.80 80
2186 0.80 84
2188 0.67 41
2188 0.80 73
2188 0.80 80
2188 0.80 84
2190 0.76 44
2190 0.76 49
2192 0.80 73
2192 0.80 80
2192 0.80 84
2194 0.80 49
2194 0.80 53
2194 0.80 73
2194 0.80 80
2194 0.80 84
2199 0.80 56
2201 0.73 49
2203 0.79 53
2203 0.76 75
2203 0.76 84
2205 0.66 44
2207 0.64 37
2207 0.72 73
2207 0.72 82
2211 0.65 25
2211 0.65 37
2211 0.68 72
2211 0.68 80
2215 0.67 27
2215 0.67 39
2215 0.66 70
2215 0.66 75
2215 0.66 79
2220 0.68 39
2222 0.73 43
2224 0.80 46
2224 0.80 51
2224 0.68 70
2224 0.68 75
2224 0.68 79
2228 0.80 51
2228 0.80 55
2228 0.80 79
2228 0.80 82
2228 0.80 87
2230 0.80 79
2230 0.80 82
2230 0.80 87
2232 0.80 58
2234 0.78 51
2236 0.80 55
2236 0.64 75
2238 0.68 46
2238 0.68 79
2241 0.65 39
2241 0.74 82
2243 0.78 85
2245 0.66 27
2245 0.66 39
2245 0.80 79
2245 0.80 82
2245 0.80 87
2249 0.66 24
2249 0.66 36
2249 0.79 79
2249 0.79 84
2249 0.79 87
2253 0.66 36
2253 0.74 85
2255 0.69 39
2257 0.79 43
2257 0.79 48
2257 0.72 75
2257 0.72 79
2257 0.72 84
2262 0.80 48
2262 0.80 51
2262 0.68 82
2266 0.80 55
2266 0.79 75
2266 0.79 79
2266 0.79 85
2268 0.75 48
2268 0.75 75
2268 0.75 79
2268 0.75 84
2270 0.79 51
2272 0.68 43
2272 0.68 75
2272 0.68 79
2272 0.68 82
2274 0.64 36
2278 0.66 24
2278 0.66 36
2278 0.68 80
2283 0.70 29
2283 0.70 41
2283 0.66 68
2283 0.66 72
2283 0.66 79
2287 0.71 41
2289 0.74 44
2289 0.67 68
2289 0.67 72
2289 0.67 79
2291 0.80 48
2291 0.80 53
2295 0.80 53
2295 0.80 56
2295 0.66 77
2299 0.80 60
2299 0.72 72
2299 0.72 77
2299 0.72 80
2301 0.79 53
2303 0.80 58
2303 0.79 84
2306 0.77 53
2306 0.72 80
2308 0.80 56
2308 0.70 79
2310 0.67 48
2310 0.66 77
2312 0.79 55
2312 0.64 72
2314 0.66 48
2314 0.64 68
2316 0.64 28
2316 0.64 40
2316 0.77 71
2316 0.77 76
2316 0.77 80
2320 0.65 40
2320 0.80 71
2320 0.80 76
2320 0.80 80
2322 0.67 44
2322 0.78 71
2322 0.78 76
2322 0.78 80
2324 0.79 47
2324 0.79 52
2327 0.79 71
2327 0.79 76
2327 0.79 80
2329 0.80 52
2329 0.80 56
2329 0.78 71
2329 0.78 76
2329 0.78 80
2333 0.80 59
2335 0.74 52
2337 0.79 56
2337 0.74 71
2337 0.74 80
2339 0.66 47
2341 0.64 40
2341 0.77 73
2341 0.77 82
2345 0.65 28
2345 0.65 40
2345 0.77 75
2345 0.77 83
2350 0.67 30
2350 0.67 42
2350 0.75 73
2350 0.75 78
2350 0.75 82
2354 0.68 42
2356 0.73 46
2358 0.80 49
2358 0.80 54
2358 0.74 73
2358 0.74 78
2358 0.74 82
2362 0.80 54
2362 0.80 58
2362 0.71 70
2362 0.71 73
2362 0.71 78
2364 0.70 70
2364 0.70 73
2364 0.70 78
2366 0.80 61
2369 0.78 54
2371 0.80 59
2371 0.75 82
2373 0.76 54
2373 0.68 78
2375 0.80 58
2375 0.64 73
2377 0.64 70
2379 0.73 42
2379 0.73 54
2379 0.72 70
2379 0.72 73
2379 0.72 78
2383 0.64 37
2383 0.70 68
2383 0.70 73
2383 0.70 77
2385 0.64 41
2387 0.66 44
2390 0.65 41
2392 0.79 49
2392 0.79 53
2392 0.72 68
2392 0.72 73
2392 0.72 77
2396 0.66 44
2396 0.68 75
2400 0.80 56
2400 0.73 68
2400 0.73 73
2400 0.73 77
2402 0.72 49
2404 0.79 53
2404 0.80 79
2406 0.71 49
2406 0.79 73
2406 0.79 77
2406 0.79 80
2408 0.66 44
2413 0.74 37
2413 0.74 49
2413 0.77 73
2413 0.77 77
2413 0.77 80
2417 0.64 39
2417 0.72 70
2417 0.72 75
2417 0.72 80
2419 0.68 43
2421 0.71 46
2423 0.79 51
2425 0.68 43
2427 0.72 46
2429 0.79 51
2429 0.72 79
2431 0.80 55
2431 0.71 77
2434 0.80 58
2434 0.72 70
2434 0.72 75
2434 0.72 79
2435 0.66 67
2436 0.80 55
2436 0.68 70
2438 0.75 51
2438 0.67 67
2439 0.68 70
2440 0.66 46
2441 0.71 75
2442 0.75 51
2442 0.70 70
2443 0.72 75
2444 0.66 46
2445 0.73 79
2446 0.66 43
2446 0.72 75
2448 0.64 39
2448 0.74 82
2449 0.75 87
2450 0.90 39
2450 0.90 51
2450 0.86 75
2450 0.86 79
2450 0.86 82
2450 0.86 87
2457 0.81 34
2457 0.81 46
2457 0.87 76
2457 0.87 80
2457 0.87 83
2457 0.87 88
2461 0.81 39
2463 0.80 27
2463 0.80 39
2463 0.88 75
2463 0.88 79
2463 0.88 82
2463 0.88 87
2467 0.85 58
2469 0.85 55
2470 0.74 82
2471 0.84 51
2471 0.74 71
2471 0.74 83
2473 0.75 46
2476 0.85 51
2476 0.75 70
2476 0.75 82
2478 0.76 46
2480 0.74 43
2480 0.72 66
2480 0.72 78
2482 0.73 39
2484 0.78 32
2484 0.78 44
2484 0.74 66
2484 0.74 73
2484 0.74 78
2488 0.74 39
2488 0.85 68
2488 0.85 80
2490 0.80 44
2490 0.83 68
2490 0.83 71
2490 0.83 80
2492 0.90 51
2494 0.84 47
2497 0.90 51
2497 0.90 56
2497 0.76 66
2497 0.76 78
2501 0.80 47
2501 0.77 66
2501 0.77 73
2501 0.77 78
2503 0.88 51
2505 0.90 56
2505 0.88 68
2505 0.88 80
2507 0.86 51
2507 0.86 68
2507 0.86 71
2507 0.86 80
2509 0.90 56
2509 0.90 59
2513 0.74 32
2513 0.74 44
2513 0.79 66
2513 0.79 78
2517 0.73 28
2517 0.73 40
2517 0.79 66
2517 0.79 71
2517 0.79 78
2522 0.72 35
2522 0.89 68
2522 0.89 80
2524 0.74 40
2524 0.87 68
2524 0.87 71
2524 0.87 80
2526 0.90 47
2526 0.90 52
2530 0.90 52
2530 0.90 56
2530 0.83 68
2530 0.83 80
2534 0.75 44
2534 0.83 68
2534 0.83 71
2534 0.83 80
2536 0.79 47
2538 0.88 52
2538 0.86 70
2538 0.86 82
2543 0.90 56
2543 0.90 59
2543 0.88 71
2543 0.88 83
2547 0.72 28
2547 0.72 40
2547 0.89 73
2547 0.89 85
2551 0.74 30
2551 0.74 42
2551 0.82 70
2551 0.82 73
2551 0.82 78
2551 0.82 82
2553 0.73 37
2555 0.76 42
2557 0.81 46
2559 0.90 49
2559 0.90 54
2559 0.74 66
2559 0.74 70
2559 0.74 73
2559 0.74 78
2564 0.90 54
2564 0.90 58
2568 0.74 30
2568 0.74 42
2568 0.90 78
2568 0.90 82
2568 0.90 85
2568 0.90 88
2570 0.74 42
2572 0.78 46
2574 0.84 49
2576 0.90 58
2576 0.90 61
2576 0.83 73
2576 0.83 78
2576 0.83 82
2576 0.83 85
2580 0.88 49
2580 0.88 54
2585 0.75 35
2585 0.75 47
2585 0.82 75
2585 0.82 78
2585 0.82 82
2585 0.82 85
2587 0.74 42
2589 0.77 47
2591 0.85 51
2591 0.82 75
2591 0.82 78
2591 0.82 82
2591 0.82 85
2593 0.90 54
2593 0.90 59
2597 0.87 51
2597 0.87 54
2597 0.84 75
2597 0.84 78
2597 0.84 83
2597 0.84 87
2601 0.77 34
2601 0.77 46
2603 0.74 42
2606 0.78 71
2606 0.78 83
2608 0.81 46
2610 0.90 49
2610 0.90 54
2610 0.77 70
2610 0.77 82
2614 0.74 30
2614 0.74 42
2614 0.73 66
2614 0.73 78
2618 0.75 32
2618 0.75 44
2618 0.74 66
2618 0.74 73
2618 0.74 78
2622 0.74 39
2622 0.85 68
2622 0.85 80
2624 0.78 44
2624 0.82 68
2624 0.82 71
2624 0.82 80
2627 0.90 51
2629 0.82 47
2631 0.90 51
2631 0.90 56
2631 0.76 66
2631 0.76 78
2635 0.79 47
2635 0.77 66
2635 0.77 73
2635 0.77 78
2637 0.88 51
2639 0.90 56
2639 0.88 68
2639 0.88 80
2641 0.85 51
2641 0.86 68
2641 0.86 71
2641 0.86 80
2643 0.90 56
2643 0.90 59
2648 0.73 32
2648 0.73 44
2648 0.79 66
2648 0.79 78
2652 0.73 28
2652 0.73 40
2652 0.79 66
2652 0.79 71
2652 0.79 78
2656 0.74 40
2656 0.89 68
2656 0.89 80
2658 0.77 44
2658 0.87 68
2658 0.87 71
2658 0.87 80
2660 0.90 47
2660 0.90 52
2664 0.74 40
2664 0.83 68
2664 0.83 80
2669 0.74 39
2669 0.83 68
2669 0.83 75
2669 0.83 80
2671 0.77 42
2673 0.83 46
2673 0.86 70
2673 0.86 82
2675 0.78 42
2677 0.90 51
2677 0.90 54
2677 0.88 71
2677 0.88 83
2681 0.74 27
2681 0.74 39
2681 0.89 73
2681 0.89 85
2685 0.74 25
2685 0.74 37
2685 0.77 68
2685 0.77 73
2685 0.77 76
2685 0.77 80
2690 0.75 37
2692 0.79 40
2694 0.84 44
2694 0.72 68
2696 0.79 40
2696 0.72 64
2698 0.90 49
2698 0.90 52
2698 0.74 73
2700 0.72 68
2702 0.77 40
2702 0.89 68
2702 0.89 73
2702 0.89 80
2704 0.83 44
2706 0.90 49
2706 0.90 70
2706 0.90 82
2708 0.81 44
2710 0.90 52
2710 0.90 56
2710 0.90 71
2710 0.90 83
2715 0.86 49
2715 0.90 73
2715 0.90 85
2717 0.73 37
2719 0.74 27
2719 0.74 39
2719 0.86 70
2719 0.86 75
2719 0.86 78
2719 0.86 82
2721 0.72 34
2723 0.75 39
2725 0.79 42
2725 0.76 66
2725 0.76 70
2725 0.76 75
2725 0.76 78
2727 0.90 46
2727 0.90 51
2731 0.90 51
2731 0.90 54
2731 0.73 63
2731 0.73 66
2731 0.73 70
2731 0.73 75
2736 0.74 39
2737 0.76 42
2738 0.81 46
2740 0.88 51
2740 0.88 71
2740 0.88 83
2741 0.90 54
2743 0.90 58
2744 0.90 54
2744 0.85 70
2744 0.85 82
2745 0.86 51
2747 0.84 49
2748 0.81 47
2748 0.76 66
2748 0.76 78
2750 0.81 46
2751 0.79 42
2752 0.80 32
2752 0.80 44
2752 0.77 66
2752 0.77 73
2752 0.77 78
2757 0.77 39
2757 0.88 68
2757 0.88 80
2759 0.81 44
2759 0.85 68
2759 0.85 71
2759 0.85 80
2761 0.89 51
2763 0.83 47
2765 0.90 51
2765 0.90 56
2765 0.78 66
2765 0.78 78
2769 0.80 47
2769 0.79 66
2769 0.79 73
2769 0.79 78
2771 0.86 51
2773 0.90 56
2773 0.88 68
2773 0.88 80
2776 0.84 51
2776 0.86 68
2776 0.86 71
2776 0.86 80
2778 0.90 56
2778 0.90 59
2782 0.74 32
2782 0.74 44
2782 0.79 66
2782 0.79 78
2786 0.73 28
2786 0.73 40
2786 0.79 66
2786 0.79 71
2786 0.79 78
2790 0.72 35
2790 0.89 68
2790 0.89 80
2792 0.75 40
2792 0.87 68
2792 0.87 71
2792 0.87 80
2794 0.90 47
2794 0.90 52
2799 0.90 52
2799 0.90 56
2799 0.83 68
2799 0.83 80
2803 0.75 44
2803 0.83 68
2803 0.83 71
2803 0.83 80
2805 0.79 47
2807 0.88 52
2807 0.86 70
2807 0.86 82
2811 0.90 56
2811 0.90 59
2811 0.88 71
2811 0.88 83
2815 0.72 28
2815 0.72 40
2815 0.89 73
2815 0.89 85
2820 0.74 30
2820 0.74 42
2820 0.82 70
2820 0.82 73
2820 0.82 78
2820 0.82 82
2822 0.73 37
2824 0.76 42
2826 0.81 46
2828 0.90 49
2828 0.90 54
2828 0.74 66
2828 0.74 70
2828 0.74 73
2828 0.74 78
2832 0.90 54
2832 0.90 58
2836 0.74 30
2836 0.74 42
2836 0.90 78
2836 0.90 82
2836 0.90 85
2836 0.90 88
2838 0.74 42
2841 0.78 46
2843 0.84 49
2845 0.90 58
2845 0.90 61
2845 0.83 73
2845 0.83 78
2845 0.83 82
2845 0.83 85
2849 0.88 49
2849 0.88 54
2853 0.75 35
2853 0.75 47
2853 0.82 75
2853 0.82 78
2853 0.82 82
2853 0.82 85
2855 0.74 42
2857 0.77 47
2859 0.85 51
2859 0.82 75
2859 0.82 78
2859 0.82 82
2859 0.82 85
2862 0.90 54
2862 0.90 59
2866 0.87 51
2866 0.87 54
2866 0.84 75
2866 0.84 78
2866 0.84 83
2866 0.84 87
2870 0.77 34
2870 0.77 46
2872 0.74 42
2874 0.78 71
2874 0.78 83
2876 0.81 46
2878 0.90 49
2878 0.90 54
2878 0.77 70
2878 0.77 82
2883 0.74 30
2883 0.74 42
2883 0.73 66
2883 0.73 78
2887 0.75 32
2887 0.75 44
2887 0.74 66
2887 0.74 73
2887 0.74 78
2891 0.74 39
2891 0.85 68
2891 0.85 80
2893 0.78 44
2893 0.82 68
2893 0.82 71
2893 0.82 80
2895 0.90 51
2897 0.82 47
2899 0.90 51
2899 0.90 56
2899 0.76 66
2899 0.76 78
2903 0.79 47
2903 0.77 66
2903 0.77 73
2903 0.77 78
2906 0.88 51
2908 0.90 56
2908 0.88 68
2908 0.88 80
2910 0.85 51
2910 0.86 68
2910 0.86 71
2910 0.86 80
2912 0.90 56
2912 0.90 59
2916 0.73 32
2916 0.73 44
2916 0.79 66
2916 0.79 78
2920 0.73 28
2920 0.73 40
2920 0.79 66
2920 0.79 78
2924 0.74 40
2924 0.84 68
2924 0.84 71
2924 0.84 76
2924 0.84 80
2927 0.77 44
2929 0.90 47
2929 0.90 52
2933 0.74 40
2933 0.83 68
2933 0.83 80
2937 0.74 39
2937 0.83 68
2937 0.83 75
2937 0.83 80
2939 0.77 42
2941 0.83 46
2941 0.86 70
2941 0.86 82
2943 0.78 42
2945 0.90 51
2945 0.90 54
2945 0.87 71
2945 0.87 83
2950 0.74 27
2950 0.74 39
2950 0.89 73
2950 0.89 85
2954 0.74 25
2954 0.74 37
2954 0.77 68
2954 0.77 73
2954 0.77 76
2954 0.77 80
2958 0.75 37
2960 0.79 40
2962 0.84 44
2962 0.78 80
2964 0.79 40
2964 0.72 73
2966 0.90 49
2966 0.90 52
2966 0.74 76
2969 0.72 68
2971 0.77 40
2971 0.86 68
2971 0.86 73
2971 0.86 80
2973 0.83 44
2975 0.90 49
2975 0.88 70
2975 0.88 82
2977 0.81 44
2979 0.90 52
2979 0.90 56
2979 0.88 71
2979 0.88 83
2983 0.86 49
2983 0.90 73
2983 0.90 85
2985 0.73 37
2987 0.74 27
2987 0.74 39
2987 0.84 70
2987 0.84 75
2987 0.84 78
2987 0.84 82
2990 0.72 34
2992 0.75 39
2994 0.80 42
2996 0.90 46
2996 0.90 51
2996 0.75 66
2996 0.75 70
2996 0.75 75
2996 0.75 78
3000 0.90 51
3000 0.90 54
3004 0.74 27
3004 0.74 39
3004 0.74 63
3004 0.74 66
3004 0.74 70
3004 0.74 75
3008 0.75 39
3010 0.78 42
3013 0.90 46
3013 0.90 51
3013 0.80 66
3013 0.80 70
3013 0.80 75
3013 0.80 78
3017 0.74 27
3017 0.74 39
3021 0.76 28
3021 0.76 40
3021 0.81 66
3021 0.81 71
3021 0.81 78
3023 0.74 35
3025 0.78 40
3025 0.89 68
3025 0.89 80
3027 0.84 44
3027 0.87 68
3027 0.87 76
3027 0.87 80
3029 0.90 47
3029 0.90 52
3034 0.81 44
3034 0.88 71
3034 0.88 83
3036 0.76 40
3038 0.79 30
3038 0.79 42
3038 0.85 70
3038 0.85 78
3038 0.85 82
3040 0.74 37
3042 0.80 42
3042 0.82 66
3042 0.82 78
3044 0.87 46
3044 0.74 63
3044 0.74 66
3044 0.74 75
3046 0.90 49
3046 0.90 54
3050 0.83 46
3050 0.79 66
3050 0.79 78
3052 0.77 42
3055 0.80 32
3055 0.80 44
3055 0.81 66
3055 0.81 73
3055 0.81 78
3059 0.80 44
3059 0.88 68
3059 0.88 80
3061 0.88 49
3061 0.85 68
3061 0.85 73
3061 0.85 75
3061 0.85 80
3063 0.90 51
3063 0.72 63
3063 0.72 68
3065 0.88 49
3067 0.90 51
3067 0.90 56
3067 0.73 66
3069 0.75 63
3069 0.75 68
3071 0.75 44
3073 0.83 49
3076 0.88 51
3076 0.77 63
3076 0.77 68
3078 0.83 49
3080 0.90 51
3080 0.90 56
3080 0.76 61
3080 0.76 66
3084 0.74 44
3084 0.78 66
3086 0.81 63
3086 0.81 68
3088 0.74 44
3088 0.83 78
3090 0.78 47
3092 0.86 51
3092 0.89 80
3094 0.90 56
3094 0.87 75
3094 0.87 80
3097 0.90 59
3097 0.82 63
3097 0.82 68
3099 0.90 56
3101 0.81 51
3101 0.80 66
3103 0.74 47
3103 0.83 63
3103 0.83 68
3105 0.90 56
3107 0.80 51
3109 0.74 47
3109 0.82 63
3109 0.82 68
3111 0.73 44
3113 0.83 51
3113 0.79 61
3113 0.79 66
3115 0.75 47
3116 0.74 44
3117 0.73 39
3117 0.80 66
3120 0.85 51
3120 0.83 63
3120 0.83 68
3122 0.72 44
3122 0.80 56
3122 0.80 68
3122 0.80 71
3122 0.80 75
3122 0.80 78
3126 0.80 56
3130 0.72 44
3130 0.79 56
3134 0.75 54
3136 0.78 56
3138 0.72 44
3143 0.76 56
3147 0.72 44
3147 0.72 54
3147 0.77 63
3147 0.77 75
3151 0.78 47
3151 0.78 51
3151 0.75 63
3151 0.75 68
3151 0.75 71
3151 0.75 75
3153 0.75 56
3155 0.70 44
3159 0.74 56
3164 0.71 44
3164 0.74 56
3168 0.71 54
3170 0.74 56
3172 0.72 44
3172 0.70 59
3172 0.70 63
3172 0.70 68
3172 0.70 71
3176 0.73 56
3180 0.72 44
3180 0.70 54
3180 0.72 63
3180 0.72 68
3180 0.72 73
3185 0.71 54
3187 0.74 56
3187 0.74 63
3187 0.74 68
3187 0.74 71
3187 0.74 75
3189 0.83 32
3189 0.83 44
3193 0.73 56
3197 0.72 44
3197 0.73 56
3201 0.70 54
3201 0.72 73
3203 0.73 56
3203 0.70 71
3206 0.72 44
3206 0.70 70
3208 0.71 71
3210 0.73 56
3210 0.70 70
3212 0.67 68
3214 0.72 44
3214 0.70 54
3214 0.66 66
3216 0.65 65
3218 0.78 47
3218 0.78 51
3218 0.71 54
3218 0.66 66
3220 0.74 56
3220 0.66 65
3222 0.70 44
3222 0.64 63
3224 0.64 61
3227 0.73 56
3227 0.64 60
3229 0.64 61
3231 0.71 44
3231 0.73 56
3231 0.67 63
3233 0.65 61
3235 0.70 54
3235 0.64 60
3237 0.73 56
3237 0.66 61
3239 0.72 44
3239 0.64 59
3243 0.73 56
3243 0.74 63
3245 0.80 68
3248 0.77 51
3248 0.70 54
3248 0.79 66
3249 0.74 47
3250 0.72 44
3250 0.72 63
3252 0.74 47
3252 0.71 54
3252 0.79 66
3254 0.72 44
3254 0.73 56
3254 0.80 68
3256 0.66 32
3256 0.93 63
3256 0.93 68
3256 0.93 73
3260 0.69 44
3260 0.80 71
3262 0.77 68
3264 0.66 32
3264 0.71 66
3266 0.76 68
3269 0.74 44
3269 0.93 68
3269 0.93 73
3271 0.80 75
3273 0.66 32
3273 0.80 73
3275 0.77 71
3277 0.76 44
3277 0.69 68
3279 0.76 71
3281 0.66 32
3281 0.75 71
3283 0.64 63
3285 0.78 44
3285 0.66 66
3287 0.70 68
3290 0.66 32
3290 0.89 63
3290 0.89 68
3290 0.89 71
3294 0.66 32
3294 0.80 75
3296 0.79 44
3296 0.80 77
3298 0.66 32
3298 0.80 80
3300 0.79 44
3300 0.80 77
3302 0.66 32
3302 0.78 75
3303 0.80 77
3304 0.79 44
3305 0.80 78
3306 0.66 32
3306 0.79 77
3308 0.79 44
3308 0.76 75
3309 0.73 73
3310 0.66 32
3310 0.72 73
3312 0.70 71
3313 0.79 44
3313 0.68 70
3315 0.66 32
3315 0.66 68
3317 0.79 44
3317 0.64 65
3319 0.66 32
3319 0.66 66
3321 0.79 44
3321 0.66 65
3323 0.66 32
3323 0.65 63
3324 0.66 65
3325 0.79 44
3326 0.71 68
3327 0.66 32
3327 0.67 65
3329 0.79 44
3329 0.66 63
3331 0.66 32
3331 0.65 61
3334 0.79 44
3334 0.65 60
3336 0.66 32
3336 0.69 63
3337 0.66 61
3338 0.79 44
3338 0.66 59
3340 0.66 32
3340 0.66 59
3342 0.79 44
3342 0.64 56
3344 0.66 32
3344 0.68 59
3346 0.79 44
3346 0.72 61
3348 0.80 51
3348 0.76 63
3350 0.80 47
3350 0.79 66
3351 0.78 44
3352 0.73 39
3352 0.80 71
3355 0.68 35
3355 0.80 70
3357 0.78 32
3357 0.78 44
3357 0.79 59
3357 0.79 63
3357 0.79 68
3373 0.73 32
3376 0.73 44
3378 0.77 32
3378 0.81 56
3378 0.81 68
3380 0.78 44
3382 0.79 32
3382 0.85 59
3382 0.85 71
3384 0.79 44
3386 0.79 32
3386 0.89 63
3386 0.89 75
3388 0.80 44
3390 0.81 28
3390 0.81 40
3390 0.90 68
3390 0.90 71
3390 0.90 76
3390 0.90 80
3392 0.80 35
3394 0.82 40
3397 0.85 44
3399 0.90 47
3399 0.90 52
3399 0.72 64
3401 0.75 68
3403 0.90 52
3403 0.90 56
3403 0.81 71
3405 0.88 76
3407 0.76 28
3407 0.76 40
3407 0.90 68
3407 0.90 80
3409 0.76 40
3411 0.79 44
3411 0.90 71
3411 0.90 76
3411 0.90 82
3413 0.83 47
3415 0.90 56
3415 0.90 59
3420 0.88 47
3420 0.88 52
3420 0.90 71
3420 0.90 83
3424 0.74 30
3424 0.74 42
3424 0.89 70
3424 0.89 73
3424 0.89 78
3424 0.89 82
3426 0.73 37
3428 0.75 42
3430 0.81 46
3430 0.79 66
3430 0.79 70
3430 0.79 73
3430 0.79 78
3432 0.90 49
3432 0.90 54
3436 0.90 54
3436 0.90 58
3436 0.74 61
3436 0.74 73
3441 0.74 30
3441 0.74 42
3441 0.83 66
3441 0.83 70
3441 0.83 73
3441 0.83 78
3443 0.74 42
3445 0.77 46
3447 0.83 49
3447 0.88 70
3447 0.88 73
3447 0.88 78
3447 0.88 82
3449 0.90 58
3449 0.90 61
3453 0.88 49
3453 0.88 54
3453 0.88 71
3453 0.88 83
3457 0.72 27
3457 0.72 39
3457 0.89 73
3457 0.89 85
3462 0.74 39
3462 0.88 73
3462 0.88 78
3462 0.88 82
3462 0.88 85
3464 0.75 42
3466 0.88 46
3466 0.88 51
3470 0.90 51
3470 0.90 54
3470 0.88 87
3472 0.88 88
3474 0.73 27
3474 0.73 39
3474 0.90 90
3476 0.74 39
3476 0.86 88
3478 0.75 42
3478 0.84 87
3480 0.81 46
3480 0.79 85
3483 0.90 54
3483 0.90 58
3483 0.75 83
3485 0.74 82
3487 0.87 46
3487 0.87 51
3487 0.72 80
3489 0.72 78
3491 0.75 32
3491 0.75 44
3491 0.76 71
3491 0.76 75
3491 0.76 82
3493 0.73 39
3495 0.77 44
3497 0.81 47
3497 0.77 71
3497 0.77 75
3497 0.77 82
3499 0.90 51
3499 0.90 56
3503 0.90 56
3503 0.90 59
3503 0.78 68
3503 0.78 80
3508 0.74 32
3508 0.74 44
3508 0.78 68
3508 0.78 71
3508 0.78 75
3508 0.78 80
3510 0.74 44
3512 0.77 47
3514 0.85 51
3516 0.90 59
3516 0.90 63
3520 0.89 51
3520 0.89 56
3520 0.83 68
3520 0.83 80
3524 0.72 28
3524 0.72 40
3527 0.72 35
3529 0.74 40
3529 0.90 80
3529 0.90 83
3529 0.90 88
3529 0.90 92
3531 0.76 44
3533 0.88 47
3533 0.88 52
3537 0.90 52
3537 0.90 56
3541 0.73 28
3541 0.73 40
3541 0.85 78
3541 0.85 90
3543 0.74 40
3545 0.76 44
3545 0.88 76
3545 0.88 88
3548 0.81 47
3548 0.83 75
3548 0.83 87
3550 0.90 56
3550 0.90 59
3552 0.77 85
3554 0.87 47
3554 0.87 52
3554 0.81 87
3555 0.82 88
3557 0.81 87
3558 0.74 30
3558 0.74 42
3558 0.77 85
3559 0.75 83
3560 0.72 37
3561 0.75 82
3562 0.75 42
3562 0.74 80
3564 0.80 46
3564 0.73 78
3565 0.72 76
3566 0.90 49
3566 0.90 54
3566 0.74 78
3569 0.73 76
3571 0.90 54
3571 0.90 58
3571 0.74 75
3573 0.77 78
3575 0.74 30
3575 0.74 42
3575 0.75 76
3576 0.74 75
3577 0.74 42
3578 0.74 73
3579 0.77 46
3579 0.72 61
3579 0.72 66
3579 0.72 70
3581 0.83 49
3583 0.90 58
3583 0.90 61
3587 0.88 49
3587 0.88 54
3592 0.72 25
3592 0.72 37
3596 0.73 37
3596 0.81 75
3598 0.75 41
3598 0.84 77
3600 0.86 44
3600 0.86 49
3600 0.81 75
3602 0.79 73
3604 0.90 49
3604 0.90 53
3604 0.76 71
3606 0.75 70
3608 0.73 25
3608 0.73 37
3608 0.81 73
3610 0.73 37
3610 0.77 71
3613 0.76 41
3613 0.75 70
3615 0.80 44
3615 0.74 68
3617 0.90 53
3617 0.90 56
3617 0.72 66
3619 0.72 63
3621 0.86 44
3621 0.86 49
3621 0.72 61
3623 0.72 58
3625 0.74 27
3625 0.74 39
3625 0.72 55
3625 0.72 58
3625 0.72 63
3627 0.72 34
3629 0.75 39
3629 0.90 79
3631 0.80 43
3631 0.90 75
3634 0.90 46
3634 0.90 51
3634 0.85 70
3636 0.77 67
3638 0.90 51
3638 0.90 55
3638 0.85 70
3640 0.90 75
3642 0.74 27
3642 0.74 39
3642 0.90 67
3642 0.90 75
3642 0.90 79
3644 0.74 39
3646 0.82 46
3646 0.90 73
3646 0.90 79
3646 0.90 85
3648 0.90 51
3650 0.90 55
3650 0.90 58
3650 0.90 75
3650 0.90 79
3650 0.90 82
3650 0.90 87
3655 0.90 58
3655 0.90 63
3680 0.60 82
3684 0.58 81
3688 0.54 77
3692 0.64 43
3692 0.64 55
3692 0.61 77
3696 0.64 58
3696 0.68 79
3699 0.66 79
3701 0.65 62
3705 0.68 67
3705 0.61 77
3709 0.62 77
3713 0.69 79
3715 0.68 79
3722 0.62 77
3726 0.64 39
3726 0.64 51
3726 0.63 77
3730 0.61 55
3730 0.66 79
3732 0.66 79
3734 0.64 58
3738 0.68 63
3738 0.65 79
3743 0.70 67
3743 0.65 79
3747 0.65 63
3747 0.68 81
3751 0.59 58
3751 0.68 82
3755 0.57 55
3755 0.70 84
3759 0.64 41
3759 0.64 53
3759 0.64 77
3759 0.64 81
3764 0.61 57
3768 0.65 60
3768 0.59 72
3768 0.59 77
3772 0.70 65
3776 0.71 69
3776 0.70 84
3776 0.70 87
3780 0.68 65
3785 0.59 60
3785 0.66 81
3785 0.66 84
3789 0.57 57
3793 0.64 34
3793 0.64 46
3793 0.64 82
3793 0.64 84
3797 0.59 58
3799 0.64 82
3799 0.64 84
3801 0.70 65
3806 0.71 70
3806 0.66 82
3806 0.66 86
3810 0.64 33
3810 0.64 45
3814 0.57 57
3814 0.61 82
3818 0.68 65
3818 0.61 81
3822 0.71 69
3822 0.58 77
3827 0.67 43
3827 0.67 55
3827 0.59 77
3831 0.58 58
3831 0.66 79
3833 0.64 79
3835 0.63 62
3839 0.69 67
3839 0.61 77
3843 0.71 70
3843 0.61 77
3848 0.67 67
3848 0.69 79
3850 0.67 79
3852 0.59 62
3856 0.57 58
3856 0.62 77
3860 0.64 39
3860 0.64 51
3860 0.63 77
3864 0.57 55
3864 0.66 79
3866 0.66 79
3869 0.59 58
3873 0.68 63
3873 0.65 79
3877 0.71 67
3877 0.65 79
3881 0.66 63
3881 0.68 81
3885 0.58 58
3885 0.68 82
3890 0.57 55
3890 0.70 84
3894 0.64 36
3894 0.64 48
3894 0.61 75
3894 0.61 79
3898 0.59 55
3902 0.66 60
3906 0.70 63
3910 0.71 67
3910 0.63 79
3915 0.67 63
3915 0.65 81
3919 0.63 60
3919 0.67 82
3923 0.59 55
3923 0.70 84
3927 0.59 38
3927 0.59 50
3927 0.66 77
3927 0.66 81
3931 0.60 45
3934 0.60 41
3934 0.61 74
3934 0.61 77
3936 0.63 50
3938 0.61 45
3940 0.70 53
3940 0.61 69
3940 0.61 74
3944 0.76 57
3946 0.70 53
3948 0.66 50
3948 0.74 74
3948 0.74 82
3950 0.63 45
3952 0.63 41
3952 0.72 72
3952 0.72 81
3957 0.73 50
3957 0.66 69
3957 0.66 77
3961 0.71 55
3961 0.71 58
3961 0.71 62
3961 0.68 69
3961 0.68 77
3963 0.71 55
3963 0.71 58
3963 0.71 62
3965 0.78 70
3965 0.78 79
3967 0.71 55
3967 0.71 58
3967 0.71 62
3967 0.75 70
3967 0.75 79
3973 0.71 55
3973 0.71 58
3973 0.71 62
3973 0.70 69
3973 0.70 77
3978 0.70 55
3978 0.70 58
3978 0.70 62
3978 0.70 69
3978 0.70 77
3980 0.70 55
3980 0.70 58
3980 0.70 62
3982 0.79 70
3982 0.79 79
3984 0.68 55
3984 0.68 58
3984 0.68 62
3984 0.77 70
3984 0.77 79
3990 0.66 55
3990 0.66 58
3990 0.66 62
3990 0.70 69
3990 0.70 77
3994 0.70 58
3994 0.70 63
3994 0.70 67
3994 0.70 69
3994 0.70 77
3996 0.69 58
3996 0.69 63
3996 0.69 67
3999 0.75 70
3999 0.75 79
4001 0.68 58
4001 0.68 63
4001 0.68 67
4001 0.74 70
4001 0.74 79
4007 0.66 58
4007 0.66 63
4007 0.66 67
4007 0.74 70
4007 0.74 79
4011 0.57 51
4011 0.57 55
4011 0.57 58
4011 0.74 70
4011 0.74 79
4013 0.58 51
4013 0.58 55
4013 0.58 58
4015 0.77 72
4015 0.77 81
4017 0.59 51
4017 0.59 55
4017 0.59 58
4020 0.77 74
4020 0.77 82
4024 0.60 51
4024 0.60 55
4024 0.60 58
4024 0.79 75
4024 0.79 84
4028 0.60 48
4028 0.60 53
4028 0.60 57
4028 0.72 72
4028 0.72 81
4030 0.60 48
4030 0.60 53
4030 0.60 57
4034 0.61 48
4034 0.61 53
4034 0.61 57
4036 0.66 69
4036 0.66 77
4041 0.63 48
4041 0.63 53
4041 0.63 57
4045 0.70 57
4045 0.70 60
4045 0.70 65
4045 0.79 81
4045 0.79 87
4047 0.70 57
4047 0.70 60
4047 0.70 65
4051 0.69 57
4051 0.69 60
4051 0.69 65
4053 0.74 77
4053 0.74 84
4057 0.68 57
4057 0.68 60
4057 0.68 65
4062 0.67 58
4062 0.67 62
4062 0.67 65
4062 0.73 75
4062 0.73 84
4064 0.66 58
4064 0.66 62
4064 0.66 65
4068 0.66 58
4068 0.66 62
4068 0.66 65
4068 0.73 75
4068 0.73 84
4074 0.65 58
4074 0.65 62
4074 0.65 65
4074 0.75 77
4074 0.75 86
4078 0.64 57
4078 0.64 62
4078 0.64 65
4080 0.64 57
4080 0.64 62
4080 0.64 65
4083 0.69 70
4083 0.69 82
4085 0.64 57
4085 0.64 62
4085 0.64 65
4087 0.68 69
4087 0.68 81
4091 0.61 53
4091 0.61 57
4091 0.61 62
4091 0.65 65
4091 0.65 77
4095 0.75 43
4095 0.66 65
4095 0.66 77
4097 0.64 50
4099 0.66 55
4099 0.75 67
4099 0.75 79
4101 0.65 50
4101 0.73 67
4101 0.73 79
4103 0.74 58
4106 0.66 50
4108 0.72 55
4108 0.68 65
4108 0.68 77
4110 0.65 43
4112 0.75 41
4112 0.70 65
4112 0.70 77
4114 0.68 48
4116 0.77 53
4116 0.79 67
4116 0.79 79
4118 0.69 48
4118 0.77 67
4118 0.77 79
4120 0.82 57
4122 0.68 48
4124 0.78 53
4124 0.71 65
4124 0.71 77
4127 0.66 41
4129 0.75 39
4129 0.72 65
4129 0.72 77
4131 0.70 46
4133 0.80 51
4133 0.77 67
4133 0.77 79
4135 0.70 46
4135 0.76 67
4135 0.76 79
4137 0.83 55
4139 0.70 46
4141 0.80 51
4141 0.76 67
4141 0.76 79
4143 0.66 39
4145 0.76 38
4145 0.76 67
4145 0.76 79
4148 0.73 45
4150 0.82 50
4150 0.80 69
4150 0.80 81
4152 0.73 45
4154 0.84 53
4154 0.81 70
4154 0.81 82
4156 0.72 45
4158 0.82 50
4158 0.83 72
4158 0.83 84
4160 0.68 38
4162 0.77 36
4162 0.72 67
4162 0.72 79
4164 0.74 43
4166 0.82 48
4169 0.74 43
4171 0.85 51
4173 0.74 43
4175 0.82 48
4177 0.68 36
4179 0.87 43
4179 0.75 67
4179 0.75 79
4181 0.84 48
4183 0.86 51
4183 0.78 69
4183 0.78 81
4185 0.83 48
4187 0.86 55
4187 0.79 70
4187 0.79 82
4190 0.81 48
4192 0.85 51
4192 0.83 72
4192 0.83 84
4194 0.72 43
4196 0.80 38
4196 0.85 74
4196 0.85 86
4198 0.77 45
4200 0.86 50
4202 0.77 45
4202 0.85 75
4202 0.85 87
4204 0.88 53
4206 0.75 45
4208 0.85 50
4208 0.82 74
4208 0.82 77
4208 0.82 81
4208 0.82 86
4210 0.88 57
4213 0.88 63
4215 0.88 58
4217 0.88 55
4217 0.77 71
4217 0.77 83
4219 0.79 51
4221 0.79 51
4221 0.76 70
4221 0.76 82
4223 0.72 46
4225 0.72 43
4225 0.72 66
4225 0.72 78
4227 0.70 39
4229 0.74 32
4229 0.74 44
4229 0.74 66
4229 0.74 73
4229 0.74 78
4231 0.72 39
4234 0.76 44
4234 0.85 68
4234 0.85 80
4236 0.81 47
4236 0.82 68
4236 0.82 71
4236 0.82 80
4238 0.90 51
4238 0.90 56
4242 0.79 47
4242 0.76 66
4242 0.76 78
4246 0.75 44
4246 0.77 66
4246 0.77 73
4246 0.77 78
4248 0.80 47
4250 0.88 51
4250 0.88 68
4250 0.88 80
4252 0.79 47
4252 0.86 68
4252 0.86 71
4252 0.86 80
4255 0.90 51
4255 0.90 56
4259 0.74 32
4259 0.74 44
4259 0.79 66
4259 0.79 78
4263 0.74 28
4263 0.74 40
4263 0.79 66
4263 0.79 71
4263 0.79 78
4267 0.74 40
4267 0.89 68
4267 0.89 80
4269 0.79 44
4269 0.87 68
4269 0.87 71
4269 0.87 80
4271 0.90 47
4271 0.90 52
4276 0.90 52
4276 0.90 56
4276 0.83 68
4276 0.83 80
4280 0.74 40
4280 0.83 68
4280 0.83 71
4280 0.83 80
4282 0.76 44
4284 0.81 47
4284 0.86 70
4284 0.86 82
4288 0.90 52
4288 0.90 56
4288 0.88 71
4288 0.88 83
4292 0.74 28
4292 0.74 40
4292 0.89 73
4292 0.89 85
4296 0.75 30
4296 0.75 42
4296 0.82 70
4296 0.82 73
4296 0.82 78
4296 0.82 82
4299 0.73 37
4301 0.77 42
4303 0.83 46
4305 0.90 49
4305 0.90 54
4305 0.74 66
4305 0.74 70
4305 0.74 73
4305 0.74 78
4309 0.90 54
4309 0.90 58
4313 0.74 30
4313 0.74 42
4313 0.90 78
4313 0.90 82
4313 0.90 85
4313 0.90 88
4315 0.73 37
4317 0.75 42
4320 0.81 46
4322 0.90 49
4322 0.90 54
4322 0.83 73
4322 0.83 78
4322 0.83 82
4322 0.83 85
4326 0.84 46
4326 0.84 49
4330 0.79 35
4330 0.79 47
4330 0.82 75
4330 0.82 78
4330 0.82 82
4330 0.82 85
4332 0.74 42
4334 0.81 47
4336 0.88 51
4336 0.82 75
4336 0.82 78
4336 0.82 82
4336 0.82 85
4338 0.90 54
4338 0.90 59
4343 0.89 51
4343 0.89 54
4343 0.84 75
4343 0.84 78
4343 0.84 83
4343 0.84 87
4347 0.79 34
4347 0.79 46
4349 0.74 42
4351 0.78 71
4351 0.78 83
4353 0.83 46
4355 0.90 49
4355 0.90 54
4355 0.77 70
4355 0.77 82
4359 0.74 30
4359 0.74 42
4359 0.73 66
4359 0.73 78
4364 0.76 32
4364 0.76 44
4364 0.74 66
4364 0.74 73
4364 0.74 78
4368 0.77 44
4368 0.85 68
4368 0.85 80
4370 0.81 47
4370 0.82 68
4370 0.82 71
4370 0.82 80
4372 0.89 51
4374 0.81 47
4376 0.90 51
4376 0.90 56
4376 0.76 66
4376 0.76 78
4380 0.75 44
4380 0.77 66
4380 0.77 73
4380 0.77 78
4383 0.79 47
4385 0.88 51
4385 0.88 68
4385 0.88 80
4387 0.79 47
4387 0.86 68
4387 0.86 71
4387 0.86 80
4389 0.90 51
4389 0.90 56
4393 0.74 32
4393 0.74 44
4393 0.79 66
4393 0.79 78
4397 0.73 28
4397 0.73 40
4397 0.79 66
4397 0.79 71
4397 0.79 78
4401 0.74 40
4401 0.89 68
4401 0.89 80
4403 0.78 44
4403 0.87 68
4403 0.87 71
4403 0.87 80
4406 0.90 47
4406 0.90 52
4410 0.74 40
4410 0.83 68
4410 0.83 80
4414 0.74 39
4414 0.83 68
4414 0.83 75
4414 0.83 80
4416 0.78 42
4418 0.84 46
4418 0.86 70
4418 0.86 82
4420 0.78 42
4422 0.90 46
4422 0.90 51
4422 0.88 71
4422 0.88 83
4427 0.74 27
4427 0.74 39
4427 0.89 73
4427 0.89 85
4431 0.74 25
4431 0.74 37
4431 0.77 68
4431 0.77 73
4431 0.77 76
4431 0.77 80
4435 0.75 37
4437 0.79 40
4439 0.85 44
4439 0.72 73
4441 0.79 40
4441 0.73 75
4443 0.90 44
4443 0.90 49
4443 0.74 76
4445 0.79 78
4448 0.74 37
4448 0.84 68
4448 0.84 73
4448 0.84 80
4450 0.78 40
4452 0.84 44
4452 0.88 70
4452 0.88 82
4454 0.78 40
4456 0.90 44
4456 0.90 49
4456 0.88 71
4456 0.88 83
4460 0.90 49
4460 0.90 73
4460 0.90 85
4462 0.74 37
4464 0.75 27
4464 0.75 39
4464 0.83 70
4464 0.83 75
4464 0.83 78
4464 0.83 82
4466 0.73 34
4469 0.77 39
4471 0.82 42
4471 0.74 66
4471 0.74 70
4471 0.74 75
4471 0.74 78
4473 0.90 46
4473 0.90 51
4477 0.90 51
4477 0.90 54
4477 0.72 63
4477 0.72 66
4477 0.72 70
4477 0.72 75
4481 0.90 63
4482 0.90 58
4484 0.90 54
4485 0.88 51
4485 0.87 71
4485 0.87 83
4487 0.81 46
4488 0.77 42
4490 0.90 58
4490 0.84 70
4490 0.84 82
4491 0.90 54
4492 0.87 51
4494 0.81 46
4494 0.76 66
4494 0.76 78
4495 0.79 42
4496 0.77 39
4498 0.80 32
4498 0.80 44
4498 0.77 66
4498 0.77 73
4498 0.77 78
4502 0.80 44
4502 0.88 68
4502 0.88 80
4504 0.83 47
4504 0.85 68
4504 0.85 71
4504 0.85 80
4506 0.88 51
4508 0.82 47
4510 0.90 51
4510 0.90 56
4510 0.78 66
4510 0.78 78
4515 0.76 44
4515 0.79 66
4515 0.79 73
4515 0.79 78
4517 0.79 47
4519 0.86 51
4519 0.88 68
4519 0.88 80
4521 0.79 47
4521 0.86 68
4521 0.86 71
4521 0.86 80
4523 0.90 51
4523 0.90 56
4527 0.74 32
4527 0.74 44
4527 0.79 66
4527 0.79 78
4531 0.74 28
4531 0.74 40
4531 0.79 66
4531 0.79 71
4531 0.79 78
4536 0.74 40
4536 0.89 68
4536 0.89 80
4538 0.78 44
4538 0.87 68
4538 0.87 71
4538 0.87 80
4540 0.90 47
4540 0.90 52
4544 0.90 52
4544 0.90 56
4544 0.83 68
4544 0.83 80
4548 0.74 40
4548 0.83 68
4548 0.83 71
4548 0.83 80
4550 0.76 44
4552 0.81 47
4552 0.86 70
4552 0.86 82
4557 0.90 52
4557 0.90 56
4557 0.88 71
4557 0.88 83
4561 0.74 28
4561 0.74 40
4561 0.89 73
4561 0.89 85
4565 0.75 30
4565 0.75 42
4565 0.82 70
4565 0.82 73
4565 0.82 78
4565 0.82 82
4567 0.73 37
4569 0.77 42
4571 0.83 46
4573 0.90 49
4573 0.90 54
4573 0.74 66
4573 0.74 70
4573 0.74 73
4573 0.74 78
4578 0.90 54
4578 0.90 58
4582 0.74 30
4582 0.74 42
4582 0.90 78
4582 0.90 82
4582 0.90 85
4582 0.90 88
4584 0.73 37
4586 0.75 42
4588 0.81 46
4590 0.90 49
4590 0.90 54
4590 0.83 73
4590 0.83 78
4590 0.83 82
4590 0.83 85
4594 0.84 46
4594 0.84 49
4599 0.79 35
4599 0.79 47
4599 0.82 75
4599 0.82 78
4599 0.82 82
4599 0.82 85
4601 0.74 42
4603 0.81 47
4605 0.88 51
4605 0.82 75
4605 0.82 78
4605 0.82 82
4605 0.82 85
4607 0.90 54
4607 0.90 59
4611 0.89 51
4611 0.89 54
4611 0.84 75
4611 0.84 78
4611 0.84 83
4611 0.84 87
4615 0.79 34
4615 0.79 46
4617 0.74 42
4620 0.78 71
4620 0.78 83
4622 0.83 46
4624 0.90 49
4624 0.90 54
4624 0.77 70
4624 0.77 82
4628 0.74 30
4628 0.74 42
4628 0.73 66
4628 0.73 78
4632 0.76 32
4632 0.76 44
4632 0.74 66
4632 0.74 73
4632 0.74 78
4636 0.77 44
4636 0.85 68
4636 0.85 80
4638 0.81 47
4638 0.82 68
4638 0.82 71
4638 0.82 80
4641 0.89 51
4643 0.81 47
4645 0.90 51
4645 0.90 56
4645 0.76 66
4645 0.76 78
4649 0.75 44
4649 0.77 66
4649 0.77 73
4649 0.77 78
4651 0.79 47
4653 0.88 51
4653 0.88 68
4653 0.88 80
4655 0.79 47
4655 0.86 68
4655 0.86 71
4655 0.86 80
4657 0.90 51
4657 0.90 56
4662 0.74 32
4662 0.74 44
4662 0.79 66
4662 0.79 78
4666 0.73 28
4666 0.73 40
4666 0.79 66
4666 0.79 71
4666 0.79 78
4670 0.74 40
4670 0.89 68
4670 0.89 80
4672 0.78 44
4672 0.87 68
4672 0.87 71
4672 0.87 80
4674 0.90 47
4674 0.90 52
4678 0.74 40
4678 0.83 68
4678 0.83 80
4683 0.74 39
4683 0.83 68
4683 0.83 75
4683 0.83 80
4685 0.78 42
4687 0.84 46
4687 0.86 70
4687 0.86 82
4689 0.78 42
4691 0.90 46
4691 0.90 51
4691 0.88 71
4691 0.88 83
4695 0.74 27
4695 0.74 39
4695 0.89 73
4695 0.89 85
4699 0.74 25
4699 0.74 37
4699 0.77 68
4699 0.77 73
4699 0.77 76
4699 0.77 80
4703 0.75 37
4706 0.79 40
4708 0.85 44
4708 0.72 68
4710 0.79 40
4710 0.72 73
4712 0.90 44
4712 0.90 49
4712 0.74 75
4714 0.77 76
4716 0.74 37
4716 0.86 68
4716 0.86 73
4716 0.86 80
4718 0.78 40
4720 0.84 44
4720 0.88 70
4720 0.88 82
4722 0.78 40
4724 0.90 44
4724 0.90 49
4724 0.89 71
4724 0.89 83
4729 0.90 49
4729 0.90 73
4729 0.90 85
4731 0.74 37
4733 0.75 27
4733 0.75 39
4733 0.84 70
4733 0.84 75
4733 0.84 78
4733 0.84 82
4735 0.73 34
4737 0.77 39
4739 0.82 42
4741 0.90 46
4741 0.90 51
4741 0.75 66
4741 0.75 70
4741 0.75 75
4741 0.75 78
4745 0.90 51
4745 0.90 54
4750 0.74 27
4750 0.74 39
4750 0.74 63
4750 0.74 66
4750 0.74 70
4750 0.74 75
4754 0.75 39
4756 0.79 42
4758 0.90 46
4758 0.90 51
4758 0.80 66
4758 0.80 70
4758 0.80 75
4758 0.80 78
4762 0.74 27
4762 0.74 39
4766 0.76 28
4766 0.76 40
4766 0.81 66
4766 0.81 71
4766 0.81 78
4769 0.74 35
4771 0.78 40
4771 0.89 68
4771 0.89 80
4773 0.84 44
4773 0.87 68
4773 0.87 76
4773 0.87 80
4775 0.90 47
4775 0.90 52
4779 0.81 44
4779 0.88 71
4779 0.88 83
4781 0.76 40
4783 0.79 30
4783 0.79 42
4783 0.85 70
4783 0.85 78
4783 0.85 82
4785 0.74 37
4787 0.80 42
4787 0.82 66
4787 0.82 78
4790 0.87 46
4790 0.74 63
4790 0.74 66
4790 0.74 75
4792 0.90 49
4792 0.90 54
4796 0.83 46
4796 0.79 66
4796 0.79 78
4798 0.77 42
4800 0.80 32
4800 0.80 44
4800 0.81 66
4800 0.81 73
4800 0.81 78
4804 0.80 44
4804 0.88 68
4804 0.88 80
4806 0.88 49
4806 0.85 68
4806 0.85 73
4806 0.85 75
4806 0.85 80
4808 0.90 51
4808 0.72 63
4808 0.72 68
4810 0.88 49
4813 0.90 51
4813 0.90 56
4813 0.73 66
4815 0.75 63
4815 0.75 68
4817 0.75 44
4819 0.83 49
4821 0.88 51
4821 0.77 63
4821 0.77 68
4823 0.83 49
4825 0.90 51
4825 0.90 56
4825 0.76 61
4825 0.76 66
4829 0.74 44
4829 0.78 66
4831 0.81 63
4831 0.81 68
4834 0.74 32
4834 0.74 44
4836 0.72 39
4838 0.76 44
4838 0.82 63
4838 0.82 68
4840 0.85 49
4842 0.76 44
4842 0.82 63
4842 0.82 68
4843 0.85 49
4845 0.88 51
4846 0.90 56
4846 0.79 66
4848 0.90 61
4848 0.83 63
4848 0.83 68
4850 1.00 60
4850 1.00 68
4850 1.00 72
4850 1.00 75
4850 1.00 80
4852 0.90 56
4853 0.83 51
4855 0.79 48
4857 0.86 42
4857 1.00 66
4857 1.00 70
4857 1.00 73
4857 1.00 78
4859 1.00 54
4861 0.86 42
4863 0.88 32
4863 0.88 44
4863 1.00 68
4863 1.00 72
4863 1.00 75
4863 1.00 80
